Preparando os motores e o radar...

Podemos medir a distancia ate a mesa?
Distancia ate a mesa: 
42
Forca do sinal: 
293

Podemos iniciar a varredura?
Iniciando varredura de radar
x,y,z,str
45.0,0.0,2.0,318.0
48.0,0.0,3.0,333.0
51.0,0.0,2.0,321.0
54.0,0.0,2.0,349.0
57.0,0.0,3.0,361.0
60.0,0.0,3.0,362.0
63.0,0.0,3.0,382.0
66.0,0.0,2.0,266.0
69.0,0.0,2.0,266.0
72.0,0.0,2.0,266.0
75.0,0.0,2.0,262.0
3.0,2.0,3.0,319.0
6.0,2.0,3.0,319.0
9.0,2.0,3.0,319.0
48.0,2.0,4.0,328.0
51.0,2.0,4.0,309.0
54.0,2.0,5.0,360.0
57.0,2.0,5.0,360.0
60.0,2.0,5.0,369.0
63.0,2.0,5.0,382.0
66.0,2.0,5.0,383.0
69.0,2.0,3.0,268.0
72.0,2.0,4.0,268.0
6.0,4.0,2.0,323.0
9.0,4.0,3.0,323.0
45.0,4.0,4.0,304.0
48.0,4.0,4.0,304.0
51.0,4.0,4.0,295.0
54.0,4.0,5.0,340.0
57.0,4.0,5.0,340.0
60.0,4.0,5.0,358.0
63.0,4.0,4.0,319.0
66.0,4.0,4.0,318.0
69.0,4.0,4.0,319.0
72.0,4.0,4.0,272.0
75.0,4.0,3.0,248.0
78.0,4.0,3.0,247.0
81.0,4.0,2.0,263.0
6.0,6.0,3.0,328.0
9.0,6.0,2.0,294.0
12.0,6.0,2.0,293.0
15.0,6.0,2.0,295.0
42.0,6.0,2.0,282.0
45.0,6.0,4.0,301.0
48.0,6.0,4.0,301.0
51.0,6.0,4.0,307.0
54.0,6.0,4.0,306.0
57.0,6.0,5.0,355.0
60.0,6.0,5.0,355.0
63.0,6.0,4.0,322.0
66.0,6.0,4.0,323.0
69.0,6.0,4.0,323.0
72.0,6.0,4.0,283.0
75.0,6.0,3.0,245.0
78.0,6.0,2.0,255.0
81.0,6.0,2.0,255.0
6.0,8.0,3.0,366.0
48.0,8.0,3.0,335.0
51.0,8.0,2.0,324.0
54.0,8.0,2.0,324.0
57.0,8.0,4.0,381.0
60.0,8.0,4.0,381.0
63.0,8.0,3.0,375.0
66.0,8.0,2.0,353.0
3.0,10.0,4.0,367.0
6.0,10.0,4.0,366.0
9.0,10.0,4.0,368.0
48.0,10.0,3.0,335.0
51.0,10.0,3.0,335.0
54.0,10.0,3.0,392.0
57.0,10.0,4.0,386.0
60.0,10.0,4.0,385.0
63.0,10.0,2.0,353.0
66.0,10.0,2.0,350.0
69.0,10.0,3.0,290.0
72.0,10.0,3.0,291.0
75.0,10.0,2.0,249.0
12.0,12.0,4.0,367.0
45.0,12.0,2.0,333.0
48.0,12.0,3.0,337.0
51.0,12.0,3.0,325.0
54.0,12.0,3.0,325.0
57.0,12.0,3.0,381.0
60.0,12.0,2.0,351.0
63.0,12.0,2.0,339.0
66.0,12.0,2.0,319.0
69.0,12.0,2.0,318.0
72.0,12.0,2.0,305.0
75.0,12.0,2.0,285.0
81.0,12.0,2.0,247.0
6.0,14.0,2.0,340.0
9.0,14.0,2.0,340.0
12.0,14.0,2.0,340.0
39.0,14.0,2.0,313.0
42.0,14.0,2.0,313.0
45.0,14.0,2.0,333.0
48.0,14.0,2.0,333.0
51.0,14.0,2.0,328.0
54.0,14.0,4.0,398.0
57.0,14.0,3.0,388.0
60.0,14.0,2.0,348.0
63.0,14.0,2.0,347.0
66.0,14.0,2.0,303.0
69.0,14.0,3.0,302.0
72.0,14.0,2.0,302.0
12.0,16.0,3.0,359.0
45.0,16.0,3.0,321.0
48.0,16.0,2.0,319.0
51.0,16.0,2.0,320.0
54.0,16.0,4.0,385.0
57.0,16.0,4.0,385.0
60.0,16.0,2.0,325.0
63.0,16.0,2.0,316.0
66.0,16.0,2.0,317.0
69.0,16.0,2.0,317.0
72.0,16.0,2.0,317.0
75.0,16.0,2.0,254.0
78.0,16.0,2.0,254.0
6.0,18.0,4.0,365.0
9.0,18.0,4.0,365.0
12.0,18.0,4.0,365.0
15.0,18.0,4.0,365.0
45.0,18.0,3.0,335.0
48.0,18.0,3.0,327.0
51.0,18.0,3.0,322.0
54.0,18.0,3.0,376.0
57.0,18.0,4.0,375.0
60.0,18.0,3.0,375.0
63.0,18.0,2.0,317.0
66.0,18.0,2.0,313.0
69.0,18.0,3.0,299.0
72.0,18.0,2.0,261.0
75.0,18.0,3.0,261.0
78.0,18.0,2.0,261.0
6.0,20.0,4.0,382.0
9.0,20.0,2.0,344.0
12.0,20.0,2.0,292.0
15.0,20.0,2.0,292.0
18.0,20.0,2.0,291.0
42.0,20.0,2.0,320.0
45.0,20.0,3.0,344.0
48.0,20.0,2.0,316.0
51.0,20.0,2.0,316.0
54.0,20.0,2.0,316.0
57.0,20.0,2.0,316.0
60.0,20.0,3.0,343.0
63.0,20.0,2.0,291.0
66.0,20.0,2.0,310.0
69.0,20.0,3.0,303.0
72.0,20.0,3.0,303.0
75.0,20.0,3.0,270.0
6.0,22.0,2.0,276.0
9.0,22.0,2.0,275.0
12.0,22.0,2.0,275.0
36.0,22.0,3.0,364.0
39.0,22.0,3.0,377.0
42.0,22.0,3.0,376.0
45.0,22.0,3.0,376.0
48.0,22.0,2.0,333.0
51.0,22.0,2.0,335.0
54.0,22.0,2.0,311.0
57.0,22.0,3.0,302.0
60.0,22.0,3.0,303.0
63.0,22.0,3.0,327.0
66.0,22.0,3.0,283.0
69.0,22.0,3.0,267.0
72.0,22.0,3.0,266.0
75.0,22.0,2.0,235.0
78.0,22.0,2.0,234.0
12.0,24.0,3.0,231.0
15.0,24.0,2.0,231.0
18.0,24.0,3.0,230.0
36.0,24.0,4.0,391.0
39.0,24.0,3.0,400.0
42.0,24.0,3.0,401.0
45.0,24.0,3.0,341.0
48.0,24.0,2.0,337.0
51.0,24.0,2.0,301.0
54.0,24.0,3.0,317.0
57.0,24.0,3.0,318.0
60.0,24.0,3.0,318.0
63.0,24.0,4.0,345.0
66.0,24.0,2.0,288.0
69.0,24.0,2.0,288.0
72.0,24.0,3.0,275.0
75.0,24.0,2.0,237.0
78.0,24.0,2.0,237.0
81.0,24.0,2.0,238.0
12.0,26.0,3.0,239.0
15.0,26.0,4.0,213.0
18.0,26.0,4.0,213.0
36.0,26.0,3.0,404.0
39.0,26.0,3.0,404.0
42.0,26.0,3.0,403.0
45.0,26.0,2.0,350.0
51.0,26.0,2.0,301.0
54.0,26.0,2.0,338.0
57.0,26.0,3.0,334.0
60.0,26.0,3.0,357.0
63.0,26.0,3.0,358.0
66.0,26.0,2.0,279.0
69.0,26.0,2.0,279.0
72.0,26.0,2.0,278.0
75.0,26.0,2.0,278.0
78.0,26.0,2.0,277.0
9.0,28.0,5.0,221.0
12.0,28.0,5.0,221.0
15.0,28.0,5.0,192.0
18.0,28.0,3.0,226.0
21.0,28.0,2.0,206.0
39.0,28.0,3.0,384.0
42.0,28.0,2.0,348.0
45.0,28.0,2.0,347.0
48.0,28.0,2.0,340.0
51.0,28.0,2.0,316.0
54.0,28.0,3.0,351.0
57.0,28.0,3.0,358.0
60.0,28.0,3.0,358.0
63.0,28.0,3.0,357.0
66.0,28.0,3.0,357.0
69.0,28.0,2.0,280.0
72.0,28.0,2.0,277.0
75.0,28.0,2.0,247.0
78.0,28.0,2.0,247.0
81.0,28.0,3.0,254.0
6.0,30.0,3.0,302.0
9.0,30.0,5.0,208.0
12.0,30.0,5.0,207.0
15.0,30.0,5.0,207.0
18.0,30.0,4.0,181.0
21.0,30.0,4.0,181.0
24.0,30.0,4.0,182.0
27.0,30.0,4.0,182.0
30.0,30.0,4.0,180.0
33.0,30.0,3.0,379.0
36.0,30.0,3.0,394.0
39.0,30.0,3.0,395.0
42.0,30.0,2.0,353.0
45.0,30.0,2.0,354.0
48.0,30.0,2.0,347.0
51.0,30.0,3.0,376.0
54.0,30.0,3.0,375.0
57.0,30.0,3.0,355.0
60.0,30.0,2.0,346.0
63.0,30.0,2.0,346.0
66.0,30.0,2.0,346.0
69.0,30.0,2.0,284.0
72.0,30.0,2.0,283.0
75.0,30.0,2.0,283.0
78.0,30.0,2.0,239.0
81.0,30.0,2.0,239.0
84.0,30.0,2.0,239.0
9.0,32.0,5.0,197.0
12.0,32.0,5.0,197.0
15.0,32.0,6.0,179.0
18.0,32.0,6.0,179.0
21.0,32.0,6.0,179.0
24.0,32.0,6.0,180.0
27.0,32.0,6.0,158.0
30.0,32.0,2.0,261.0
33.0,32.0,2.0,261.0
36.0,32.0,2.0,261.0
39.0,32.0,4.0,364.0
42.0,32.0,2.0,350.0
45.0,32.0,2.0,351.0
48.0,32.0,3.0,368.0
51.0,32.0,3.0,367.0
54.0,32.0,2.0,353.0
57.0,32.0,2.0,353.0
60.0,32.0,2.0,353.0
63.0,32.0,2.0,354.0
66.0,32.0,2.0,300.0
69.0,32.0,2.0,300.0
72.0,32.0,2.0,286.0
75.0,32.0,3.0,273.0
78.0,32.0,2.0,252.0
81.0,32.0,2.0,253.0
84.0,32.0,2.0,252.0
9.0,34.0,2.0,254.0
12.0,34.0,2.0,255.0
15.0,34.0,6.0,166.0
18.0,34.0,6.0,160.0
21.0,34.0,6.0,140.0
24.0,34.0,6.0,129.0
27.0,34.0,6.0,129.0
30.0,34.0,4.0,182.0
33.0,34.0,3.0,340.0
36.0,34.0,3.0,341.0
39.0,34.0,2.0,343.0
42.0,34.0,2.0,343.0
45.0,34.0,2.0,375.0
48.0,34.0,3.0,387.0
51.0,34.0,3.0,387.0
54.0,34.0,2.0,377.0
57.0,34.0,3.0,350.0
60.0,34.0,2.0,349.0
63.0,34.0,2.0,350.0
66.0,34.0,2.0,351.0
69.0,34.0,2.0,302.0
72.0,34.0,2.0,297.0
75.0,34.0,3.0,293.0
78.0,34.0,3.0,308.0
81.0,34.0,3.0,265.0
84.0,34.0,3.0,265.0
6.0,36.0,2.0,257.0
9.0,36.0,2.0,257.0
12.0,36.0,5.0,171.0
15.0,36.0,5.0,171.0
18.0,36.0,5.0,171.0
21.0,36.0,6.0,121.0
24.0,36.0,6.0,122.0
27.0,36.0,6.0,122.0
30.0,36.0,5.0,162.0
33.0,36.0,5.0,194.0
36.0,36.0,3.0,301.0
39.0,36.0,3.0,300.0
42.0,36.0,2.0,331.0
45.0,36.0,2.0,388.0
48.0,36.0,3.0,389.0
51.0,36.0,3.0,395.0
54.0,36.0,2.0,349.0
57.0,36.0,2.0,348.0
60.0,36.0,2.0,349.0
63.0,36.0,2.0,314.0
66.0,36.0,2.0,313.0
69.0,36.0,2.0,314.0
72.0,36.0,3.0,308.0
75.0,36.0,3.0,308.0
78.0,36.0,3.0,308.0
81.0,36.0,3.0,322.0
84.0,36.0,3.0,300.0
87.0,36.0,2.0,287.0
9.0,38.0,5.0,191.0
12.0,38.0,5.0,191.0
15.0,38.0,6.0,158.0
18.0,38.0,6.0,158.0
21.0,38.0,6.0,168.0
24.0,38.0,6.0,131.0
27.0,38.0,6.0,151.0
30.0,38.0,6.0,163.0
33.0,38.0,5.0,164.0
36.0,38.0,3.0,283.0
39.0,38.0,2.0,319.0
42.0,38.0,2.0,319.0
45.0,38.0,3.0,384.0
48.0,38.0,2.0,384.0
51.0,38.0,3.0,384.0
54.0,38.0,3.0,406.0
57.0,38.0,2.0,384.0
60.0,38.0,3.0,370.0
63.0,38.0,3.0,356.0
66.0,38.0,2.0,356.0
69.0,38.0,2.0,323.0
72.0,38.0,2.0,311.0
75.0,38.0,4.0,339.0
78.0,38.0,4.0,365.0
81.0,38.0,4.0,366.0
84.0,38.0,2.0,295.0
87.0,38.0,2.0,294.0
90.0,38.0,3.0,305.0
6.0,40.0,2.0,252.0
9.0,40.0,5.0,213.0
12.0,40.0,5.0,213.0
15.0,40.0,6.0,171.0
18.0,40.0,6.0,170.0
21.0,40.0,6.0,170.0
24.0,40.0,6.0,162.0
27.0,40.0,6.0,157.0
30.0,40.0,5.0,182.0
33.0,40.0,4.0,228.0
36.0,40.0,4.0,228.0
39.0,40.0,4.0,228.0
42.0,40.0,2.0,296.0
45.0,40.0,3.0,394.0
48.0,40.0,4.0,393.0
51.0,40.0,4.0,393.0
54.0,40.0,2.0,372.0
57.0,40.0,2.0,372.0
60.0,40.0,2.0,339.0
63.0,40.0,4.0,366.0
66.0,40.0,3.0,331.0
69.0,40.0,2.0,332.0
72.0,40.0,3.0,322.0
75.0,40.0,5.0,350.0
78.0,40.0,5.0,350.0
81.0,40.0,3.0,309.0
84.0,40.0,3.0,309.0
87.0,40.0,3.0,310.0
90.0,40.0,3.0,322.0
93.0,40.0,2.0,329.0
6.0,42.0,2.0,301.0
12.0,42.0,3.0,245.0
15.0,42.0,5.0,233.0
18.0,42.0,5.0,233.0
21.0,42.0,5.0,249.0
24.0,42.0,5.0,201.0
27.0,42.0,5.0,201.0
30.0,42.0,4.0,212.0
33.0,42.0,4.0,190.0
36.0,42.0,4.0,188.0
39.0,42.0,4.0,234.0
42.0,42.0,2.0,265.0
45.0,42.0,3.0,266.0
48.0,42.0,4.0,375.0
51.0,42.0,3.0,376.0
54.0,42.0,3.0,395.0
57.0,42.0,3.0,344.0
60.0,42.0,4.0,375.0
63.0,42.0,3.0,341.0
66.0,42.0,3.0,341.0
69.0,42.0,3.0,341.0
72.0,42.0,4.0,358.0
75.0,42.0,4.0,358.0
78.0,42.0,4.0,358.0
81.0,42.0,3.0,316.0
84.0,42.0,3.0,315.0
87.0,42.0,3.0,314.0
90.0,42.0,3.0,338.0
93.0,42.0,3.0,337.0
96.0,42.0,3.0,338.0
12.0,44.0,2.0,258.0
15.0,44.0,2.0,255.0
18.0,44.0,5.0,269.0
21.0,44.0,4.0,269.0
24.0,44.0,4.0,219.0
27.0,44.0,4.0,219.0
30.0,44.0,4.0,218.0
33.0,44.0,3.0,238.0
36.0,44.0,3.0,238.0
39.0,44.0,3.0,238.0
42.0,44.0,3.0,239.0
45.0,44.0,2.0,361.0
48.0,44.0,3.0,361.0
51.0,44.0,2.0,352.0
54.0,44.0,2.0,352.0
57.0,44.0,2.0,351.0
60.0,44.0,4.0,370.0
63.0,44.0,4.0,370.0
66.0,44.0,4.0,370.0
69.0,44.0,4.0,340.0
72.0,44.0,3.0,340.0
75.0,44.0,5.0,361.0
78.0,44.0,4.0,356.0
81.0,44.0,4.0,356.0
84.0,44.0,4.0,356.0
87.0,44.0,3.0,318.0
90.0,44.0,3.0,318.0
93.0,44.0,4.0,356.0
105.0,44.0,2.0,331.0
108.0,44.0,2.0,330.0
147.0,44.0,32731.0,16544.0
15.0,46.0,4.0,282.0
18.0,46.0,4.0,282.0
21.0,46.0,4.0,282.0
24.0,46.0,3.0,263.0
27.0,46.0,3.0,263.0
30.0,46.0,2.0,283.0
33.0,46.0,2.0,244.0
36.0,46.0,2.0,245.0
39.0,46.0,2.0,244.0
45.0,46.0,2.0,320.0
48.0,46.0,2.0,321.0
51.0,46.0,2.0,320.0
54.0,46.0,3.0,372.0
57.0,46.0,4.0,361.0
60.0,46.0,6.0,391.0
63.0,46.0,6.0,392.0
66.0,46.0,4.0,370.0
69.0,46.0,4.0,371.0
72.0,46.0,4.0,366.0
75.0,46.0,4.0,366.0
78.0,46.0,4.0,366.0
81.0,46.0,5.0,369.0
84.0,46.0,5.0,360.0
87.0,46.0,5.0,357.0
90.0,46.0,5.0,337.0
93.0,46.0,5.0,364.0
96.0,46.0,5.0,364.0
99.0,46.0,5.0,364.0
102.0,46.0,2.0,339.0
105.0,46.0,3.0,338.0
108.0,46.0,3.0,338.0
111.0,46.0,2.0,318.0
114.0,46.0,2.0,318.0
117.0,46.0,2.0,318.0
120.0,46.0,2.0,325.0
12.0,48.0,2.0,296.0
21.0,48.0,3.0,330.0
24.0,48.0,3.0,376.0
42.0,48.0,2.0,282.0
45.0,48.0,3.0,336.0
48.0,48.0,2.0,305.0
51.0,48.0,4.0,372.0
54.0,48.0,3.0,356.0
57.0,48.0,4.0,348.0
60.0,48.0,4.0,347.0
63.0,48.0,4.0,347.0
66.0,48.0,5.0,401.0
69.0,48.0,4.0,367.0
72.0,48.0,4.0,393.0
75.0,48.0,5.0,398.0
78.0,48.0,6.0,441.0
81.0,48.0,6.0,398.0
84.0,48.0,5.0,398.0
87.0,48.0,5.0,368.0
90.0,48.0,5.0,368.0
93.0,48.0,5.0,369.0
96.0,48.0,5.0,379.0
99.0,48.0,5.0,380.0
102.0,48.0,5.0,379.0
105.0,48.0,5.0,380.0
108.0,48.0,5.0,379.0
111.0,48.0,2.0,318.0
114.0,48.0,2.0,317.0
117.0,48.0,2.0,312.0
120.0,48.0,3.0,312.0
123.0,48.0,2.0,311.0
15.0,50.0,2.0,294.0
18.0,50.0,3.0,328.0
21.0,50.0,3.0,328.0
24.0,50.0,4.0,422.0
27.0,50.0,4.0,421.0
30.0,50.0,2.0,325.0
36.0,50.0,4.0,344.0
39.0,50.0,4.0,343.0
42.0,50.0,3.0,325.0
45.0,50.0,3.0,324.0
48.0,50.0,3.0,323.0
51.0,50.0,2.0,312.0
54.0,50.0,2.0,312.0
57.0,50.0,2.0,312.0
60.0,50.0,2.0,303.0
63.0,50.0,4.0,346.0
66.0,50.0,5.0,410.0
69.0,50.0,5.0,411.0
72.0,50.0,5.0,411.0
75.0,50.0,5.0,417.0
78.0,50.0,5.0,361.0
81.0,50.0,5.0,361.0
84.0,50.0,5.0,355.0
87.0,50.0,5.0,354.0
90.0,50.0,6.0,385.0
93.0,50.0,6.0,385.0
96.0,50.0,6.0,385.0
99.0,50.0,6.0,395.0
102.0,50.0,5.0,366.0
105.0,50.0,5.0,366.0
108.0,50.0,5.0,366.0
111.0,50.0,5.0,366.0
114.0,50.0,4.0,331.0
117.0,50.0,3.0,289.0
120.0,50.0,3.0,288.0
123.0,50.0,2.0,253.0
129.0,50.0,2.0,220.0
15.0,52.0,2.0,294.0
18.0,52.0,2.0,319.0
21.0,52.0,2.0,318.0
24.0,52.0,2.0,324.0
27.0,52.0,4.0,435.0
30.0,52.0,2.0,358.0
33.0,52.0,4.0,341.0
36.0,52.0,4.0,342.0
39.0,52.0,4.0,341.0
42.0,52.0,4.0,342.0
45.0,52.0,2.0,283.0
48.0,52.0,2.0,282.0
51.0,52.0,2.0,283.0
54.0,52.0,2.0,295.0
57.0,52.0,2.0,295.0
60.0,52.0,4.0,328.0
63.0,52.0,4.0,328.0
66.0,52.0,4.0,340.0
69.0,52.0,5.0,367.0
72.0,52.0,5.0,367.0
75.0,52.0,5.0,409.0
78.0,52.0,5.0,393.0
81.0,52.0,6.0,392.0
84.0,52.0,5.0,393.0
87.0,52.0,6.0,368.0
90.0,52.0,5.0,380.0
93.0,52.0,5.0,380.0
96.0,52.0,5.0,361.0
99.0,52.0,5.0,424.0
102.0,52.0,5.0,424.0
105.0,52.0,5.0,424.0
108.0,52.0,5.0,363.0
111.0,52.0,4.0,293.0
114.0,52.0,4.0,294.0
117.0,52.0,4.0,293.0
120.0,52.0,5.0,325.0
123.0,52.0,3.0,215.0
126.0,52.0,4.0,215.0
129.0,52.0,4.0,215.0
132.0,52.0,4.0,214.0
15.0,54.0,3.0,341.0
18.0,54.0,4.0,340.0
21.0,54.0,3.0,351.0
24.0,54.0,4.0,403.0
27.0,54.0,4.0,403.0
30.0,54.0,2.0,352.0
36.0,54.0,3.0,288.0
39.0,54.0,2.0,288.0
42.0,54.0,2.0,288.0
45.0,54.0,3.0,288.0
48.0,54.0,4.0,343.0
51.0,54.0,4.0,342.0
54.0,54.0,4.0,342.0
57.0,54.0,5.0,370.0
60.0,54.0,5.0,369.0
63.0,54.0,5.0,367.0
66.0,54.0,5.0,367.0
69.0,54.0,5.0,366.0
72.0,54.0,5.0,390.0
75.0,54.0,5.0,421.0
78.0,54.0,5.0,420.0
81.0,54.0,5.0,414.0
84.0,54.0,5.0,421.0
87.0,54.0,5.0,407.0
90.0,54.0,5.0,393.0
93.0,54.0,6.0,424.0
96.0,54.0,6.0,424.0
99.0,54.0,6.0,392.0
102.0,54.0,5.0,418.0
105.0,54.0,5.0,420.0
108.0,54.0,5.0,419.0
111.0,54.0,5.0,405.0
114.0,54.0,5.0,334.0
117.0,54.0,5.0,317.0
120.0,54.0,5.0,316.0
123.0,54.0,5.0,316.0
126.0,54.0,5.0,228.0
129.0,54.0,3.0,200.0
132.0,54.0,3.0,225.0
135.0,54.0,3.0,225.0
138.0,54.0,3.0,224.0
12.0,56.0,3.0,345.0
15.0,56.0,3.0,357.0
18.0,56.0,3.0,356.0
21.0,56.0,5.0,445.0
24.0,56.0,3.0,425.0
27.0,56.0,4.0,428.0
30.0,56.0,2.0,365.0
33.0,56.0,4.0,348.0
36.0,56.0,4.0,348.0
39.0,56.0,5.0,349.0
42.0,56.0,4.0,302.0
45.0,56.0,2.0,270.0
48.0,56.0,4.0,325.0
51.0,56.0,4.0,325.0
54.0,56.0,3.0,282.0
57.0,56.0,3.0,16454.0
60.0,56.0,5.0,328.0
63.0,56.0,5.0,327.0
66.0,56.0,5.0,467.0
69.0,56.0,5.0,466.0
72.0,56.0,5.0,466.0
75.0,56.0,5.0,466.0
78.0,56.0,6.0,428.0
81.0,56.0,6.0,443.0
84.0,56.0,6.0,442.0
87.0,56.0,6.0,457.0
90.0,56.0,5.0,434.0
93.0,56.0,5.0,479.0
96.0,56.0,5.0,478.0
99.0,56.0,5.0,440.0
102.0,56.0,5.0,440.0
105.0,56.0,6.0,455.0
108.0,56.0,5.0,450.0
111.0,56.0,5.0,437.0
114.0,56.0,5.0,373.0
117.0,56.0,6.0,370.0
120.0,56.0,6.0,369.0
123.0,56.0,5.0,276.0
126.0,56.0,5.0,203.0
129.0,56.0,5.0,203.0
132.0,56.0,5.0,203.0
135.0,56.0,5.0,212.0
141.0,56.0,2.0,221.0
15.0,58.0,3.0,358.0
18.0,58.0,3.0,357.0
21.0,58.0,5.0,431.0
24.0,58.0,3.0,412.0
27.0,58.0,3.0,412.0
30.0,58.0,3.0,412.0
33.0,58.0,3.0,384.0
36.0,58.0,5.0,412.0
39.0,58.0,2.0,288.0
42.0,58.0,5.0,368.0
45.0,58.0,5.0,369.0
48.0,58.0,5.0,368.0
51.0,58.0,5.0,369.0
54.0,58.0,4.0,323.0
57.0,58.0,4.0,293.0
60.0,58.0,5.0,330.0
63.0,58.0,5.0,331.0
66.0,58.0,5.0,330.0
69.0,58.0,5.0,390.0
72.0,58.0,5.0,390.0
75.0,58.0,5.0,389.0
78.0,58.0,6.0,431.0
81.0,58.0,6.0,437.0
84.0,58.0,6.0,480.0
87.0,58.0,5.0,439.0
90.0,58.0,5.0,438.0
93.0,58.0,5.0,481.0
96.0,58.0,5.0,451.0
99.0,58.0,5.0,451.0
102.0,58.0,6.0,484.0
105.0,58.0,5.0,443.0
108.0,58.0,5.0,458.0
111.0,58.0,5.0,461.0
114.0,58.0,5.0,414.0
117.0,58.0,6.0,379.0
120.0,58.0,6.0,380.0
123.0,58.0,6.0,379.0
126.0,58.0,5.0,219.0
129.0,58.0,5.0,219.0
132.0,58.0,6.0,236.0
135.0,58.0,6.0,279.0
138.0,58.0,3.0,229.0
141.0,58.0,3.0,229.0
144.0,58.0,3.0,229.0
147.0,58.0,2.0,223.0
150.0,58.0,2.0,289.0
153.0,58.0,2.0,288.0
156.0,58.0,3.0,313.0
159.0,58.0,2.0,313.0
12.0,60.0,3.0,330.0
15.0,60.0,3.0,345.0
18.0,60.0,3.0,344.0
21.0,60.0,5.0,402.0
24.0,60.0,3.0,388.0
27.0,60.0,3.0,387.0
36.0,60.0,5.0,387.0
39.0,60.0,3.0,299.0
42.0,60.0,4.0,301.0
45.0,60.0,5.0,374.0
48.0,60.0,2.0,294.0
51.0,60.0,2.0,294.0
54.0,60.0,4.0,337.0
57.0,60.0,4.0,338.0
60.0,60.0,4.0,292.0
63.0,60.0,5.0,325.0
66.0,60.0,5.0,400.0
69.0,60.0,5.0,401.0
72.0,60.0,5.0,400.0
75.0,60.0,5.0,402.0
78.0,60.0,5.0,402.0
81.0,60.0,6.0,413.0
84.0,60.0,5.0,456.0
87.0,60.0,6.0,455.0
90.0,60.0,6.0,455.0
93.0,60.0,5.0,471.0
96.0,60.0,6.0,441.0
99.0,60.0,6.0,440.0
102.0,60.0,6.0,447.0
105.0,60.0,6.0,446.0
108.0,60.0,5.0,463.0
111.0,60.0,5.0,475.0
114.0,60.0,5.0,427.0
117.0,60.0,5.0,441.0
120.0,60.0,6.0,338.0
123.0,60.0,6.0,340.0
126.0,60.0,6.0,340.0
129.0,60.0,6.0,247.0
132.0,60.0,6.0,246.0
135.0,60.0,6.0,247.0
138.0,60.0,5.0,236.0
141.0,60.0,5.0,236.0
144.0,60.0,5.0,235.0
147.0,60.0,5.0,235.0
150.0,60.0,4.0,269.0
153.0,60.0,2.0,302.0
156.0,60.0,2.0,302.0
159.0,60.0,2.0,307.0
165.0,60.0,2.0,299.0
9.0,62.0,3.0,301.0
12.0,62.0,3.0,301.0
15.0,62.0,3.0,302.0
18.0,62.0,4.0,373.0
21.0,62.0,3.0,373.0
24.0,62.0,4.0,372.0
27.0,62.0,3.0,363.0
30.0,62.0,3.0,363.0
33.0,62.0,3.0,363.0
39.0,62.0,4.0,311.0
42.0,62.0,4.0,310.0
45.0,62.0,4.0,310.0
48.0,62.0,5.0,375.0
51.0,62.0,5.0,375.0
54.0,62.0,5.0,375.0
57.0,62.0,5.0,329.0
60.0,62.0,5.0,330.0
63.0,62.0,5.0,330.0
66.0,62.0,5.0,330.0
69.0,62.0,5.0,367.0
72.0,62.0,5.0,367.0
75.0,62.0,5.0,427.0
78.0,62.0,5.0,427.0
81.0,62.0,5.0,391.0
84.0,62.0,5.0,460.0
87.0,62.0,5.0,448.0
90.0,62.0,5.0,458.0
93.0,62.0,5.0,430.0
96.0,62.0,5.0,430.0
99.0,62.0,5.0,430.0
102.0,62.0,5.0,438.0
105.0,62.0,5.0,438.0
108.0,62.0,5.0,495.0
111.0,62.0,5.0,495.0
114.0,62.0,5.0,495.0
117.0,62.0,5.0,450.0
120.0,62.0,5.0,437.0
123.0,62.0,5.0,435.0
126.0,62.0,5.0,325.0
129.0,62.0,5.0,251.0
132.0,62.0,5.0,252.0
135.0,62.0,5.0,259.0
138.0,62.0,5.0,259.0
141.0,62.0,5.0,244.0
144.0,62.0,5.0,244.0
147.0,62.0,4.0,255.0
150.0,62.0,4.0,256.0
153.0,62.0,4.0,256.0
156.0,62.0,3.0,298.0
159.0,62.0,3.0,308.0
162.0,62.0,2.0,301.0
165.0,62.0,2.0,301.0
168.0,62.0,2.0,301.0
12.0,64.0,3.0,295.0
18.0,64.0,2.0,315.0
30.0,64.0,2.0,315.0
36.0,64.0,5.0,413.0
39.0,64.0,4.0,339.0
42.0,64.0,5.0,384.0
45.0,64.0,5.0,384.0
48.0,64.0,4.0,361.0
51.0,64.0,5.0,361.0
54.0,64.0,4.0,323.0
57.0,64.0,4.0,322.0
60.0,64.0,4.0,322.0
63.0,64.0,5.0,344.0
66.0,64.0,5.0,360.0
69.0,64.0,5.0,415.0
72.0,64.0,5.0,367.0
75.0,64.0,5.0,438.0
78.0,64.0,5.0,433.0
81.0,64.0,5.0,420.0
84.0,64.0,5.0,458.0
87.0,64.0,5.0,460.0
90.0,64.0,5.0,460.0
93.0,64.0,5.0,460.0
96.0,64.0,5.0,442.0
99.0,64.0,5.0,404.0
102.0,64.0,5.0,424.0
105.0,64.0,5.0,430.0
108.0,64.0,5.0,456.0
111.0,64.0,5.0,479.0
114.0,64.0,5.0,451.0
117.0,64.0,5.0,455.0
120.0,64.0,5.0,394.0
123.0,64.0,5.0,395.0
126.0,64.0,5.0,349.0
129.0,64.0,5.0,278.0
132.0,64.0,5.0,277.0
135.0,64.0,5.0,324.0
138.0,64.0,5.0,267.0
141.0,64.0,5.0,236.0
144.0,64.0,5.0,236.0
147.0,64.0,5.0,266.0
150.0,64.0,5.0,267.0
153.0,64.0,4.0,316.0
156.0,64.0,4.0,316.0
159.0,64.0,4.0,316.0
162.0,64.0,3.0,303.0
165.0,64.0,2.0,303.0
168.0,64.0,3.0,303.0
18.0,66.0,2.0,302.0
21.0,66.0,2.0,329.0
24.0,66.0,2.0,329.0
27.0,66.0,2.0,319.0
30.0,66.0,2.0,319.0
33.0,66.0,2.0,319.0
36.0,66.0,2.0,304.0
39.0,66.0,2.0,283.0
42.0,66.0,4.0,328.0
45.0,66.0,5.0,397.0
48.0,66.0,4.0,306.0
51.0,66.0,5.0,348.0
54.0,66.0,4.0,308.0
57.0,66.0,4.0,306.0
60.0,66.0,4.0,307.0
63.0,66.0,5.0,355.0
66.0,66.0,5.0,355.0
69.0,66.0,5.0,356.0
72.0,66.0,6.0,444.0
75.0,66.0,6.0,444.0
78.0,66.0,5.0,410.0
81.0,66.0,5.0,381.0
84.0,66.0,5.0,432.0
87.0,66.0,5.0,432.0
90.0,66.0,5.0,435.0
93.0,66.0,5.0,398.0
96.0,66.0,5.0,390.0
99.0,66.0,5.0,390.0
102.0,66.0,5.0,391.0
105.0,66.0,5.0,409.0
108.0,66.0,5.0,408.0
111.0,66.0,24096.0,1.0
114.0,66.0,5.0,429.0
117.0,66.0,5.0,428.0
120.0,66.0,5.0,429.0
123.0,66.0,5.0,414.0
126.0,66.0,5.0,276.0
129.0,66.0,5.0,276.0
132.0,66.0,6.0,303.0
135.0,66.0,5.0,327.0
138.0,66.0,5.0,280.0
141.0,66.0,5.0,248.0
144.0,66.0,5.0,221.0
147.0,66.0,5.0,221.0
150.0,66.0,5.0,285.0
153.0,66.0,4.0,296.0
156.0,66.0,4.0,298.0
159.0,66.0,4.0,298.0
162.0,66.0,4.0,302.0
165.0,66.0,4.0,302.0
168.0,66.0,3.0,302.0
18.0,68.0,4.0,342.0
21.0,68.0,2.0,307.0
27.0,68.0,4.0,357.0
30.0,68.0,2.0,326.0
33.0,68.0,3.0,309.0
36.0,68.0,3.0,310.0
39.0,68.0,4.0,340.0
42.0,68.0,3.0,302.0
45.0,68.0,4.0,315.0
48.0,68.0,4.0,304.0
51.0,68.0,4.0,324.0
54.0,68.0,5.0,368.0
57.0,68.0,4.0,317.0
60.0,68.0,5.0,331.0
63.0,68.0,5.0,330.0
66.0,68.0,5.0,331.0
69.0,68.0,4.0,340.0
72.0,68.0,5.0,421.0
75.0,68.0,5.0,421.0
78.0,68.0,5.0,393.0
81.0,68.0,5.0,393.0
84.0,68.0,5.0,426.0
87.0,68.0,5.0,419.0
90.0,68.0,5.0,388.0
93.0,68.0,5.0,386.0
96.0,68.0,5.0,398.0
99.0,68.0,5.0,378.0
102.0,68.0,5.0,380.0
105.0,68.0,5.0,362.0
108.0,68.0,5.0,363.0
111.0,68.0,5.0,363.0
114.0,68.0,5.0,378.0
117.0,68.0,5.0,378.0
120.0,68.0,5.0,380.0
123.0,68.0,5.0,380.0
126.0,68.0,5.0,378.0
129.0,68.0,4.0,283.0
132.0,68.0,5.0,270.0
135.0,68.0,5.0,300.0
138.0,68.0,5.0,282.0
141.0,68.0,5.0,241.0
144.0,68.0,5.0,240.0
147.0,68.0,5.0,222.0
150.0,68.0,5.0,223.0
153.0,68.0,5.0,222.0
156.0,68.0,5.0,222.0
159.0,68.0,5.0,264.0
162.0,68.0,4.0,284.0
165.0,68.0,4.0,283.0
168.0,68.0,3.0,269.0
171.0,68.0,2.0,251.0
15.0,70.0,2.0,259.0
18.0,70.0,2.0,259.0
21.0,70.0,2.0,262.0
24.0,70.0,4.0,342.0
27.0,70.0,5.0,398.0
30.0,70.0,4.0,367.0
33.0,70.0,5.0,371.0
36.0,70.0,5.0,372.0
39.0,70.0,4.0,328.0
42.0,70.0,5.0,404.0
45.0,70.0,5.0,404.0
48.0,70.0,5.0,405.0
51.0,70.0,5.0,422.0
54.0,70.0,5.0,421.0
57.0,70.0,5.0,422.0
60.0,70.0,5.0,392.0
63.0,70.0,5.0,394.0
66.0,70.0,5.0,393.0
69.0,70.0,5.0,393.0
72.0,70.0,5.0,448.0
75.0,70.0,5.0,447.0
78.0,70.0,5.0,447.0
81.0,70.0,5.0,457.0
84.0,70.0,5.0,489.0
87.0,70.0,5.0,489.0
90.0,70.0,5.0,416.0
93.0,70.0,5.0,415.0
96.0,70.0,5.0,411.0
99.0,70.0,5.0,420.0
102.0,70.0,5.0,398.0
105.0,70.0,5.0,374.0
108.0,70.0,5.0,355.0
111.0,70.0,5.0,379.0
114.0,70.0,5.0,379.0
117.0,70.0,5.0,361.0
120.0,70.0,5.0,346.0
123.0,70.0,5.0,352.0
126.0,70.0,4.0,296.0
129.0,70.0,5.0,244.0
132.0,70.0,4.0,244.0
135.0,70.0,4.0,243.0
138.0,70.0,5.0,260.0
141.0,70.0,5.0,256.0
144.0,70.0,4.0,245.0
147.0,70.0,4.0,224.0
150.0,70.0,4.0,227.0
153.0,70.0,4.0,283.0
156.0,70.0,4.0,282.0
159.0,70.0,4.0,282.0
162.0,70.0,3.0,278.0
165.0,70.0,3.0,278.0
168.0,70.0,2.0,264.0
12.0,72.0,2.0,262.0
15.0,72.0,2.0,262.0
18.0,72.0,5.0,387.0
21.0,72.0,5.0,387.0
24.0,72.0,5.0,387.0
27.0,72.0,5.0,450.0
30.0,72.0,4.0,416.0
33.0,72.0,5.0,459.0
36.0,72.0,4.0,375.0
39.0,72.0,5.0,407.0
42.0,72.0,5.0,407.0
45.0,72.0,5.0,488.0
48.0,72.0,24096.0,1.0
51.0,72.0,5.0,476.0
54.0,72.0,5.0,516.0
57.0,72.0,5.0,515.0
60.0,72.0,5.0,490.0
63.0,72.0,5.0,495.0
66.0,72.0,5.0,440.0
69.0,72.0,5.0,476.0
72.0,72.0,5.0,477.0
75.0,72.0,5.0,508.0
78.0,72.0,5.0,508.0
81.0,72.0,5.0,450.0
84.0,72.0,5.0,450.0
87.0,72.0,5.0,451.0
90.0,72.0,5.0,502.0
93.0,72.0,5.0,474.0
96.0,72.0,5.0,443.0
99.0,72.0,5.0,472.0
102.0,72.0,5.0,471.0
105.0,72.0,5.0,413.0
108.0,72.0,5.0,386.0
111.0,72.0,5.0,377.0
114.0,72.0,5.0,377.0
117.0,72.0,5.0,352.0
120.0,72.0,5.0,356.0
123.0,72.0,5.0,338.0
126.0,72.0,4.0,302.0
129.0,72.0,4.0,269.0
132.0,72.0,4.0,241.0
135.0,72.0,5.0,238.0
138.0,72.0,5.0,238.0
141.0,72.0,4.0,245.0
144.0,72.0,4.0,245.0
147.0,72.0,4.0,229.0
150.0,72.0,4.0,228.0
153.0,72.0,4.0,238.0
156.0,72.0,4.0,264.0
159.0,72.0,2.0,274.0
162.0,72.0,2.0,260.0
9.0,74.0,2.0,252.0
12.0,74.0,3.0,252.0
15.0,74.0,3.0,251.0
18.0,74.0,4.0,252.0
21.0,74.0,3.0,284.0
24.0,74.0,3.0,326.0
27.0,74.0,5.0,442.0
30.0,74.0,3.0,335.0
33.0,74.0,5.0,409.0
36.0,74.0,5.0,410.0
39.0,74.0,5.0,420.0
42.0,74.0,5.0,395.0
45.0,74.0,5.0,446.0
48.0,74.0,5.0,491.0
51.0,74.0,5.0,492.0
54.0,74.0,6.0,491.0
57.0,74.0,5.0,494.0
60.0,74.0,5.0,461.0
63.0,74.0,5.0,462.0
66.0,74.0,5.0,461.0
69.0,74.0,5.0,495.0
72.0,74.0,5.0,494.0
75.0,74.0,6.0,469.0
78.0,74.0,5.0,505.0
81.0,74.0,5.0,504.0
84.0,74.0,5.0,463.0
87.0,74.0,5.0,506.0
90.0,74.0,5.0,512.0
93.0,74.0,5.0,487.0
96.0,74.0,5.0,502.0
99.0,74.0,5.0,476.0
102.0,74.0,5.0,478.0
105.0,74.0,5.0,420.0
108.0,74.0,5.0,421.0
111.0,74.0,5.0,364.0
114.0,74.0,5.0,364.0
117.0,74.0,5.0,371.0
120.0,74.0,5.0,360.0
123.0,74.0,5.0,341.0
126.0,74.0,5.0,340.0
129.0,74.0,5.0,350.0
132.0,74.0,5.0,223.0
135.0,74.0,5.0,223.0
138.0,74.0,5.0,223.0
141.0,74.0,3.0,236.0
144.0,74.0,3.0,236.0
147.0,74.0,3.0,235.0
150.0,74.0,2.0,233.0
153.0,74.0,3.0,241.0
156.0,74.0,3.0,252.0
159.0,74.0,3.0,252.0
3.0,76.0,3.0,299.0
6.0,76.0,2.0,285.0
9.0,76.0,2.0,285.0
12.0,76.0,4.0,230.0
15.0,76.0,4.0,222.0
18.0,76.0,4.0,221.0
21.0,76.0,5.0,296.0
24.0,76.0,5.0,362.0
27.0,76.0,5.0,362.0
30.0,76.0,4.0,274.0
33.0,76.0,3.0,297.0
36.0,76.0,4.0,342.0
39.0,76.0,3.0,278.0
42.0,76.0,3.0,278.0
45.0,76.0,5.0,381.0
48.0,76.0,5.0,381.0
51.0,76.0,5.0,381.0
54.0,76.0,5.0,424.0
57.0,76.0,5.0,424.0
60.0,76.0,5.0,466.0
63.0,76.0,5.0,439.0
66.0,76.0,5.0,439.0
69.0,76.0,5.0,451.0
72.0,76.0,5.0,435.0
75.0,76.0,5.0,435.0
78.0,76.0,5.0,473.0
81.0,76.0,6.0,490.0
84.0,76.0,5.0,469.0
87.0,76.0,5.0,470.0
90.0,76.0,6.0,504.0
93.0,76.0,6.0,504.0
96.0,76.0,5.0,504.0
99.0,76.0,5.0,481.0
102.0,76.0,5.0,492.0
105.0,76.0,5.0,492.0
108.0,76.0,5.0,439.0
111.0,76.0,5.0,414.0
114.0,76.0,5.0,390.0
117.0,76.0,5.0,389.0
120.0,76.0,5.0,389.0
123.0,76.0,5.0,366.0
126.0,76.0,3.0,276.0
129.0,76.0,3.0,276.0
132.0,76.0,3.0,219.0
135.0,76.0,3.0,219.0
138.0,76.0,4.0,221.0
141.0,76.0,4.0,233.0
144.0,76.0,2.0,236.0
147.0,76.0,2.0,240.0
150.0,76.0,2.0,240.0
153.0,76.0,2.0,240.0
6.0,78.0,2.0,296.0
9.0,78.0,2.0,295.0
12.0,78.0,2.0,276.0
15.0,78.0,3.0,214.0
18.0,78.0,5.0,195.0
21.0,78.0,5.0,251.0
24.0,78.0,5.0,225.0
27.0,78.0,5.0,225.0
30.0,78.0,4.0,262.0
33.0,78.0,4.0,262.0
36.0,78.0,4.0,263.0
39.0,78.0,3.0,262.0
42.0,78.0,3.0,369.0
45.0,78.0,3.0,369.0
48.0,78.0,3.0,369.0
51.0,78.0,5.0,397.0
54.0,78.0,5.0,397.0
57.0,78.0,5.0,398.0
60.0,78.0,4.0,388.0
63.0,78.0,5.0,397.0
66.0,78.0,5.0,396.0
69.0,78.0,5.0,416.0
72.0,78.0,5.0,416.0
75.0,78.0,5.0,445.0
78.0,78.0,5.0,451.0
81.0,78.0,5.0,475.0
84.0,78.0,5.0,471.0
87.0,78.0,5.0,489.0
90.0,78.0,6.0,513.0
93.0,78.0,6.0,489.0
96.0,78.0,6.0,498.0
99.0,78.0,5.0,449.0
102.0,78.0,5.0,450.0
105.0,78.0,5.0,450.0
108.0,78.0,5.0,450.0
111.0,78.0,5.0,392.0
114.0,78.0,4.0,342.0
117.0,78.0,4.0,354.0
120.0,78.0,4.0,322.0
123.0,78.0,5.0,348.0
126.0,78.0,5.0,349.0
129.0,78.0,5.0,348.0
132.0,78.0,2.0,209.0
135.0,78.0,2.0,208.0
138.0,78.0,3.0,222.0
3.0,80.0,2.0,291.0
6.0,80.0,2.0,291.0
9.0,80.0,2.0,264.0
12.0,80.0,5.0,179.0
15.0,80.0,5.0,179.0
18.0,80.0,5.0,179.0
21.0,80.0,6.0,188.0
24.0,80.0,6.0,184.0
27.0,80.0,5.0,231.0
30.0,80.0,5.0,235.0
33.0,80.0,5.0,235.0
36.0,80.0,4.0,253.0
39.0,80.0,4.0,254.0
42.0,80.0,4.0,253.0
45.0,80.0,3.0,292.0
48.0,80.0,3.0,340.0
51.0,80.0,4.0,393.0
54.0,80.0,4.0,368.0
57.0,80.0,4.0,358.0
60.0,80.0,4.0,388.0
63.0,80.0,5.0,380.0
66.0,80.0,5.0,384.0
69.0,80.0,4.0,370.0
72.0,80.0,4.0,370.0
75.0,80.0,4.0,370.0
78.0,80.0,4.0,369.0
81.0,80.0,5.0,442.0
84.0,80.0,5.0,439.0
87.0,80.0,5.0,439.0
90.0,80.0,5.0,458.0
93.0,80.0,5.0,448.0
96.0,80.0,5.0,474.0
99.0,80.0,5.0,475.0
102.0,80.0,5.0,482.0
105.0,80.0,5.0,428.0
108.0,80.0,5.0,396.0
111.0,80.0,4.0,374.0
114.0,80.0,4.0,374.0
117.0,80.0,4.0,374.0
120.0,80.0,5.0,362.0
123.0,80.0,2.0,319.0
126.0,80.0,3.0,303.0
129.0,80.0,2.0,318.0
132.0,80.0,3.0,298.0
3.0,82.0,2.0,286.0
6.0,82.0,2.0,277.0
9.0,82.0,2.0,277.0
12.0,82.0,5.0,182.0
15.0,82.0,6.0,183.0
18.0,82.0,6.0,179.0
21.0,82.0,6.0,171.0
24.0,82.0,6.0,168.0
27.0,82.0,5.0,189.0
30.0,82.0,6.0,168.0
33.0,82.0,5.0,202.0
36.0,82.0,6.0,276.0
39.0,82.0,6.0,276.0
42.0,82.0,2.0,328.0
45.0,82.0,2.0,328.0
48.0,82.0,2.0,323.0
51.0,82.0,4.0,371.0
54.0,82.0,4.0,371.0
57.0,82.0,5.0,371.0
60.0,82.0,5.0,371.0
63.0,82.0,5.0,371.0
66.0,82.0,4.0,365.0
69.0,82.0,4.0,356.0
72.0,82.0,5.0,379.0
75.0,82.0,5.0,379.0
78.0,82.0,5.0,379.0
81.0,82.0,5.0,402.0
84.0,82.0,6.0,417.0
87.0,82.0,6.0,431.0
90.0,82.0,5.0,432.0
93.0,82.0,4.0,421.0
96.0,82.0,5.0,420.0
99.0,82.0,4.0,411.0
102.0,82.0,5.0,412.0
105.0,82.0,5.0,387.0
108.0,82.0,5.0,387.0
111.0,82.0,4.0,313.0
114.0,82.0,4.0,314.0
117.0,82.0,2.0,287.0
120.0,82.0,2.0,287.0
123.0,82.0,2.0,288.0
126.0,82.0,2.0,294.0
129.0,82.0,2.0,269.0
132.0,82.0,2.0,269.0
9.0,84.0,4.0,263.0
12.0,84.0,6.0,199.0
15.0,84.0,6.0,191.0
18.0,84.0,6.0,157.0
21.0,84.0,6.0,157.0
24.0,84.0,6.0,130.0
27.0,84.0,6.0,152.0
30.0,84.0,6.0,153.0
33.0,84.0,6.0,153.0
36.0,84.0,6.0,161.0
39.0,84.0,6.0,197.0
42.0,84.0,6.0,315.0
45.0,84.0,2.0,318.0
48.0,84.0,2.0,318.0
51.0,84.0,2.0,318.0
54.0,84.0,2.0,318.0
57.0,84.0,3.0,344.0
60.0,84.0,4.0,343.0
63.0,84.0,4.0,356.0
66.0,84.0,4.0,355.0
69.0,84.0,4.0,355.0
72.0,84.0,4.0,344.0
75.0,84.0,4.0,349.0
78.0,84.0,4.0,365.0
81.0,84.0,5.0,386.0
84.0,84.0,5.0,386.0
87.0,84.0,5.0,425.0
90.0,84.0,5.0,2070.0
93.0,84.0,4.0,380.0
96.0,84.0,5.0,399.0
99.0,84.0,5.0,398.0
102.0,84.0,5.0,399.0
105.0,84.0,2.0,322.0
108.0,84.0,2.0,303.0
111.0,84.0,2.0,303.0
114.0,84.0,2.0,283.0
117.0,84.0,2.0,283.0
120.0,84.0,2.0,283.0
123.0,84.0,2.0,284.0
126.0,84.0,2.0,284.0
3.0,86.0,2.0,292.0
6.0,86.0,2.0,292.0
9.0,86.0,4.0,269.0
12.0,86.0,4.0,270.0
15.0,86.0,6.0,217.0
18.0,86.0,6.0,174.0
21.0,86.0,6.0,174.0
24.0,86.0,6.0,139.0
27.0,86.0,6.0,169.0
30.0,86.0,6.0,169.0
33.0,86.0,6.0,169.0
36.0,86.0,6.0,352.0
39.0,86.0,5.0,351.0
42.0,86.0,4.0,317.0
45.0,86.0,2.0,319.0
48.0,86.0,2.0,319.0
51.0,86.0,2.0,320.0
54.0,86.0,2.0,327.0
57.0,86.0,4.0,351.0
60.0,86.0,3.0,352.0
63.0,86.0,3.0,349.0
66.0,86.0,3.0,333.0
69.0,86.0,3.0,334.0
72.0,86.0,3.0,326.0
75.0,86.0,3.0,326.0
78.0,86.0,4.0,343.0
81.0,86.0,5.0,372.0
84.0,86.0,4.0,395.0
87.0,86.0,4.0,396.0
90.0,86.0,4.0,394.0
93.0,86.0,2.0,343.0
96.0,86.0,2.0,343.0
99.0,86.0,2.0,323.0
102.0,86.0,2.0,323.0
111.0,86.0,2.0,262.0
114.0,86.0,2.0,261.0
3.0,88.0,2.0,304.0
6.0,88.0,2.0,303.0
9.0,88.0,4.0,275.0
12.0,88.0,6.0,248.0
15.0,88.0,6.0,248.0
18.0,88.0,6.0,248.0
21.0,88.0,6.0,203.0
24.0,88.0,6.0,160.0
27.0,88.0,6.0,161.0
30.0,88.0,4.0,204.0
33.0,88.0,6.0,233.0
36.0,88.0,6.0,351.0
39.0,88.0,2.0,335.0
42.0,88.0,2.0,335.0
54.0,88.0,2.0,309.0
57.0,88.0,4.0,344.0
60.0,88.0,4.0,344.0
63.0,88.0,4.0,356.0
66.0,88.0,2.0,323.0
69.0,88.0,2.0,323.0
72.0,88.0,4.0,330.0
75.0,88.0,5.0,351.0
78.0,88.0,4.0,356.0
81.0,88.0,4.0,372.0
84.0,88.0,4.0,373.0
87.0,88.0,2.0,328.0
90.0,88.0,2.0,328.0
99.0,88.0,2.0,305.0
6.0,90.0,2.0,308.0
9.0,90.0,4.0,286.0
12.0,90.0,6.0,255.0
15.0,90.0,6.0,208.0
18.0,90.0,6.0,208.0
21.0,90.0,6.0,208.0
24.0,90.0,6.0,208.0
27.0,90.0,4.0,186.0
30.0,90.0,4.0,185.0
33.0,90.0,6.0,383.0
36.0,90.0,5.0,384.0
39.0,90.0,5.0,414.0
42.0,90.0,2.0,357.0
54.0,90.0,2.0,299.0
57.0,90.0,3.0,336.0
60.0,90.0,3.0,337.0
63.0,90.0,2.0,333.0
66.0,90.0,2.0,333.0
69.0,90.0,2.0,320.0
72.0,90.0,2.0,318.0
75.0,90.0,4.0,329.0
78.0,90.0,4.0,328.0
81.0,90.0,4.0,348.0
84.0,90.0,5.0,348.0
87.0,90.0,5.0,364.0
3.0,92.0,3.0,321.0
6.0,92.0,3.0,322.0
9.0,92.0,3.0,322.0
12.0,92.0,4.0,297.0
15.0,92.0,4.0,226.0
18.0,92.0,4.0,226.0
21.0,92.0,4.0,225.0
24.0,92.0,2.0,207.0
27.0,92.0,2.0,208.0
30.0,92.0,2.0,208.0
33.0,92.0,4.0,395.0
36.0,92.0,4.0,396.0
39.0,92.0,4.0,395.0
42.0,92.0,2.0,369.0
48.0,92.0,2.0,302.0
51.0,92.0,2.0,301.0
54.0,92.0,2.0,301.0
57.0,92.0,2.0,317.0
60.0,92.0,3.0,357.0
63.0,92.0,3.0,356.0
66.0,92.0,2.0,322.0
69.0,92.0,2.0,322.0
72.0,92.0,2.0,322.0
75.0,92.0,4.0,365.0
78.0,92.0,4.0,365.0
81.0,92.0,4.0,365.0
87.0,92.0,2.0,339.0
9.0,94.0,2.0,335.0
12.0,94.0,4.0,328.0
15.0,94.0,2.0,288.0
18.0,94.0,2.0,279.0
21.0,94.0,2.0,278.0
33.0,94.0,2.0,300.0
36.0,94.0,5.0,411.0
39.0,94.0,2.0,363.0
42.0,94.0,2.0,364.0
45.0,94.0,2.0,338.0
48.0,94.0,2.0,338.0
51.0,94.0,2.0,340.0
54.0,94.0,2.0,305.0
57.0,94.0,2.0,305.0
60.0,94.0,2.0,315.0
63.0,94.0,2.0,329.0
66.0,94.0,2.0,329.0
69.0,94.0,2.0,330.0
72.0,94.0,4.0,330.0
75.0,94.0,4.0,330.0
78.0,94.0,5.0,381.0
81.0,94.0,4.0,373.0
6.0,96.0,2.0,337.0
9.0,96.0,2.0,330.0
12.0,96.0,2.0,292.0
33.0,96.0,4.0,396.0
36.0,96.0,4.0,396.0
39.0,96.0,3.0,405.0
42.0,96.0,3.0,361.0
51.0,96.0,2.0,314.0
54.0,96.0,2.0,313.0
57.0,96.0,3.0,330.0
60.0,96.0,3.0,330.0
63.0,96.0,2.0,330.0
66.0,96.0,3.0,328.0
69.0,96.0,3.0,328.0
72.0,96.0,3.0,328.0
75.0,96.0,4.0,359.0
78.0,96.0,3.0,356.0
6.0,98.0,2.0,318.0
9.0,98.0,2.0,318.0
12.0,98.0,2.0,318.0
39.0,98.0,3.0,367.0
42.0,98.0,3.0,367.0
45.0,98.0,2.0,354.0
48.0,98.0,2.0,352.0
51.0,98.0,2.0,306.0
54.0,98.0,2.0,306.0
57.0,98.0,2.0,296.0
60.0,98.0,2.0,306.0
63.0,98.0,2.0,306.0
66.0,98.0,2.0,313.0
69.0,98.0,3.0,306.0
72.0,98.0,4.0,331.0
75.0,98.0,4.0,320.0
78.0,98.0,2.0,311.0
39.0,100.0,4.0,380.0
42.0,100.0,4.0,380.0
45.0,100.0,2.0,353.0
48.0,100.0,2.0,352.0
51.0,100.0,2.0,312.0
54.0,100.0,2.0,311.0
57.0,100.0,2.0,300.0
60.0,100.0,2.0,301.0
63.0,100.0,2.0,310.0
66.0,100.0,2.0,309.0
69.0,100.0,4.0,327.0
72.0,100.0,3.0,332.0
75.0,100.0,4.0,325.0
39.0,102.0,4.0,396.0
42.0,102.0,4.0,397.0
45.0,102.0,4.0,397.0
48.0,102.0,4.0,397.0
51.0,102.0,2.0,326.0
57.0,102.0,2.0,307.0
60.0,102.0,2.0,306.0
63.0,102.0,2.0,320.0
66.0,102.0,4.0,328.0
69.0,102.0,3.0,328.0
72.0,102.0,3.0,327.0
75.0,102.0,3.0,334.0
78.0,102.0,3.0,323.0
36.0,104.0,5.0,412.0
39.0,104.0,5.0,418.0
42.0,104.0,5.0,418.0
45.0,104.0,5.0,414.0
48.0,104.0,2.0,363.0
60.0,104.0,3.0,325.0
63.0,104.0,4.0,316.0
66.0,104.0,4.0,316.0
69.0,104.0,3.0,337.0
72.0,104.0,3.0,328.0
75.0,104.0,3.0,327.0
36.0,106.0,5.0,400.0
39.0,106.0,5.0,401.0
42.0,106.0,5.0,411.0
45.0,106.0,2.0,373.0
48.0,106.0,2.0,334.0
51.0,106.0,2.0,333.0
54.0,106.0,2.0,330.0
57.0,106.0,2.0,319.0
60.0,106.0,2.0,320.0
63.0,106.0,2.0,320.0
66.0,106.0,2.0,316.0
69.0,106.0,3.0,328.0
72.0,106.0,4.0,343.0
75.0,106.0,2.0,306.0
36.0,108.0,3.0,338.0
39.0,108.0,4.0,401.0
42.0,108.0,4.0,403.0
45.0,108.0,3.0,377.0
48.0,108.0,3.0,377.0
51.0,108.0,2.0,331.0
54.0,108.0,2.0,326.0
57.0,108.0,2.0,321.0
60.0,108.0,2.0,314.0
63.0,108.0,2.0,313.0
66.0,108.0,4.0,349.0
69.0,108.0,4.0,349.0
72.0,108.0,2.0,291.0
36.0,110.0,3.0,336.0
39.0,110.0,5.0,403.0
42.0,110.0,5.0,404.0
45.0,110.0,2.0,368.0
48.0,110.0,2.0,369.0
51.0,110.0,2.0,327.0
54.0,110.0,2.0,325.0
57.0,110.0,2.0,321.0
60.0,110.0,2.0,313.0
63.0,110.0,2.0,312.0
66.0,110.0,4.0,347.0
69.0,110.0,4.0,348.0
72.0,110.0,4.0,348.0
36.0,112.0,4.0,369.0
39.0,112.0,4.0,369.0
42.0,112.0,4.0,369.0
45.0,112.0,4.0,369.0
48.0,112.0,5.0,404.0
51.0,112.0,3.0,377.0
54.0,112.0,2.0,326.0
57.0,112.0,3.0,315.0
60.0,112.0,3.0,315.0
63.0,112.0,3.0,330.0
66.0,112.0,4.0,332.0
69.0,112.0,4.0,332.0
45.0,114.0,5.0,393.0
48.0,114.0,4.0,386.0
51.0,114.0,2.0,320.0
54.0,114.0,2.0,320.0
57.0,114.0,2.0,318.0
60.0,114.0,4.0,346.0
63.0,114.0,4.0,345.0
66.0,114.0,4.0,345.0
69.0,114.0,4.0,335.0
36.0,116.0,2.0,293.0
39.0,116.0,6.0,377.0
42.0,116.0,5.0,376.0
45.0,116.0,5.0,377.0
48.0,116.0,2.0,312.0
51.0,116.0,2.0,313.0
54.0,116.0,2.0,298.0
57.0,116.0,3.0,298.0
60.0,116.0,3.0,298.0
63.0,116.0,2.0,297.0
66.0,116.0,2.0,302.0
69.0,116.0,2.0,302.0
36.0,118.0,2.0,283.0
42.0,118.0,5.0,358.0
45.0,118.0,3.0,362.0
48.0,118.0,3.0,356.0
51.0,118.0,2.0,331.0
54.0,118.0,2.0,322.0
57.0,118.0,3.0,307.0
60.0,118.0,3.0,325.0
63.0,118.0,3.0,325.0
66.0,118.0,3.0,325.0
42.0,120.0,3.0,327.0
45.0,120.0,2.0,347.0
48.0,120.0,2.0,341.0
51.0,120.0,2.0,328.0
54.0,120.0,2.0,328.0
57.0,120.0,2.0,329.0
60.0,120.0,2.0,309.0
63.0,120.0,2.0,310.0
